64	32	0.033656	15092287128948146000.000000	1101000101110010100100110010111001110001001001111000001111010101
64	32	0.034646	13288302206859686000.000000	1011100001101001100010000111001111100011111010010011011100001001
64	32	0.035462	11243863403068998000.000000	1001110000001010001110100011000101001010111100010011111011011101
64	32	0.037883	11052408919110330000.000000	1001100101100010000010110101101010001111111011100010100100110101
64	32	0.039747	15234595031170953000.000000	1101001101101100001001110111011011101001111000000010111000001001
64	32	0.041427	13426291750504251000.000000	1011101001010011110001010011011000100111100100000100011011111001
64	32	0.043407	13121849043145363000.000000	1011011000011010001011000010111010100100111110101001011001110001
64	32	0.051141	10722756289965674000.000000	1001010011001110111000100000100010111100011111010100110010111001
64	32	0.052805	16682377448595804000.000000	1110011110000011101101011110011100001000100010100100111000101101
64	32	0.052850	14091055945814997000.000000	1100001110001101011111001011100110100000011101010111101000010001
64	32	0.053962	9918774278808432600.000000	1000100110100110100100001010011110010111101010000111001101110101
64	32	0.056186	10556987020865688000.000000	1001001010000001111100111100001100011101000110111100110101011001
64	32	0.059397	12237499860463264000.000000	1010100111010100010101010100100100111001110011100010011000111101
