64	32	0.000000	14344787847546079000.000000	1100011100010010111011001000101110011111010100110000100110100101
64	32	0.019557	10622882939088828000.000000	1001001101101100000011111100000000101010111100100111100110111001
64	32	0.020423	15520218836672414000.000000	1101011101100010111001001100110101100100001011111000001110000101
64	32	0.022877	13782333282002864000.000000	1011111101000100101011110001100100011001110100110000100001111001
64	32	0.028421	10214459945633772000.000000	1000110111000001000011010011001110110111111101001111000000010101
64	32	0.036648	16934636931468157000.000000	1110101100000011111010101001000011001100010111101110001110000101
64	32	0.041349	15830645501587501000.000000	1101101110110001110000000011010110010111010000100011011011110001
64	32	0.041435	13916327578589323000.000000	1100000100100000101110100011001101101011110010011110001100111101
64	32	0.046310	10083883011658199000.000000	1000101111110001001001100010110000100010011110111011010001011101
64	32	0.046636	13119612537697563000.000000	1011011000010010001110100001011110100100001110010111011101110001
64	32	0.048247	11196537528061172000.000000	1001101101100010000101111000111101011010011010101001100110010001
64	32	0.049499	10849037884095908000.000000	1001011010001111100001100111100110010100010010101100101010101101
